<Pose> {   'orientation': <Quaternionr> {   'w_val': 0.9751866459846497,
    'x_val': 0.03239788860082626,
    'y_val': 0.03110247105360031,
    'z_val': -0.2167811542749405},
    'position': <Vector3r> {   'x_val': 10.367457389831543,
    'y_val': -0.6804171800613403,
    'z_val': -10.17063045501709}}