<Pose> {   'orientation': <Quaternionr> {   'w_val': 0.9779158234596252,
    'x_val': -0.04611320421099663,
    'y_val': -0.04742131382226944,
    'z_val': -0.19825616478919983},
    'position': <Vector3r> {   'x_val': 10.621291160583496,
    'y_val': 0.8980187773704529,
    'z_val': -10.090559005737305}}